1744401968123 0.0 24
1744401968126 0.0 24
1744401968141 1.0 49
1744401968144 1.0 49
1744401968146 1.0 49
1744401968164 2.0 74
1744401968166 2.0 74
1744401968182 3.0 99
1744401968184 3.0 99
1744401968186 3.0 99
1744401968203 4.0 124
1744401968205 4.0 124
1744401968218 5.0 149
1744401968221 5.0 149
1744401968223 5.0 149
1744401968240 6.0 174
1744401968242 6.0 174
1744401968256 7.0 199
1744401968259 7.0 199
1744401968260 7.0 199
1744401968276 8.0 224
1744401968279 8.0 224
1744401968293 9.0 249
1744401968296 9.0 249
1744401968298 9.0 249
